,trading_date,wind_code,open_price,high_price,low_price,close_price,volume,vwap,adj_factor,turn,free_turn,is_st,trade_status,susp_days,susp_reason,max_up_or_down
0,2011-01-31,000001.SZ,15.2,15.33,15.09,15.31,14024473.000000002,15.242644725402515,35.905536,0.4516217032694168,0.5427663623620658,0.0,交易,,,0.0
1,2011-01-31,600239.SH,18.65,18.65,18.14,18.17,9503081.0,18.30613155880709,6.801486,1.9736268176477136,2.1752390811837308,0.0,交易,,,0.0
2,2011-01-31,600237.SH,7.67,7.85,7.66,7.81,5260427.0,7.775395989717183,4.180197,1.31510675,1.7222528302894933,0.0,交易,,,0.0
3,2011-01-31,600236.SH,4.9,5.09,4.89,5.07,23075674.0,5.045597714718972,4.177748,2.0461007046508253,3.3498916119243467,0.0,交易,,,0.0
4,2011-01-31,600235.SH,8.6,8.64,8.44,8.53,3663356.0,8.522876837522753,2.106582,1.3907957479119208,2.851089231276904,0.0,交易,,,0.0
5,2011-01-31,600233.SH,13.4,14.09,13.4,14.0,1694225.0,13.767759299974914,2.309592,1.5796969696969696,1.7205668789162072,0.0,交易,,,0.0
6,2011-01-31,600232.SH,5.72,5.79,5.68,5.78,2127321.0,5.743736370768682,2.406186,0.5832774436607754,1.0978800431041007,0.0,交易,,,0.0
7,2011-01-31,600231.SH,9.31,9.64,9.23,9.56,16753922.0,9.485237725232336,3.591814,4.497347619582203,4.497347619582203,0.0,交易,,,0.0
8,2011-01-31,600246.SH,5.74,5.76,5.66,5.76,5104660.0,5.710898277260387,10.73482,0.4195151216305063,0.8588834095039516,0.0,交易,,,0.0
9,2011-01-31,600227.SH,5.85,5.88,5.79,5.86,6381106.0,5.846155509718847,5.647526,0.7333126913625884,0.9406758763452406,0.0,交易,,,0.0
